1984.0  45708.0   -220.93   -147.19     10.22
1984.5  45890.6   -219.08   -144.10      9.76
1985.0  46073.2   -208.97   -103.48      9.29
1985.5  46255.9   -213.49   -110.42      8.63
1986.0  46438.5   -185.10   -111.47      8.10
1986.5  46621.1   -197.09   -108.99      7.48
1987.0  46803.8   -174.08    -76.14      6.75
1987.5  46986.4   -187.09    -53.60      6.29
1988.0  47169.0   -174.22    -57.70      5.79
1988.5  47351.6   -172.01    -19.01      5.37
1989.0  47534.2   -161.23    -22.30      5.03
1989.5  47716.9   -166.08     -2.66      4.86
1990.0  47899.5   -149.81      5.14      4.66
1990.5  48082.1   -141.31     12.96      4.35
1991.0  48264.8   -146.17      5.36      3.92
1991.5  48447.4   -128.09     11.56      3.67
1992.0  48630.0   -124.96     22.27      3.61
1992.5  48812.6   -109.52     14.74      3.40
1993.0  48995.2   -109.57     25.62      3.37
1993.5  49177.9   -110.87     21.83      3.25
1994.0  49360.5   -102.36     27.40      3.21
1994.5  49543.1   -106.24     26.97      3.27
1995.0  49725.8    -98.76     25.40      3.19
1995.5  49908.4    -99.62     26.48      3.10
1996.0  50091.0    -94.17     22.79      3.03
1996.5  50273.6    -83.88     13.56      3.04
1997.0  50456.2    -79.97      9.28      3.03
1997.5  50638.9    -73.41      5.10      3.11
1998.0  50821.5    -52.21     -6.15      3.24
1998.5  51004.1    -39.87    -23.14      3.31
1999.0  51186.8    -23.61    -48.49      3.27
1999.5  51369.4     -1.76    -47.23      3.30
2000.0  51552.0     15.49    -49.63      3.17
2000.5  51734.6     35.95    -47.95      3.13
2001.0  51917.2     41.18    -54.05      3.04
2001.5  52099.9     66.36    -53.70      2.86
2002.0  52282.5     74.46    -42.94      2.86
2002.5  52465.1     91.81    -50.88      2.79
2003.0  52647.8    104.15    -36.75      2.82
2003.5  52830.4    109.08    -30.67      2.81
2004.0  53013.0    122.94    -19.05      2.75
2004.5  53195.6    126.65     -7.17      2.72
2005.0  53378.2    139.46      7.15      2.69
2005.5  53560.9    142.02     25.63      2.57
2006.0  53743.5    150.69     46.21      2.57
2006.5  53926.1    145.84     64.81      2.53
2007.0  54108.8    139.99     74.62      2.61
2007.5  54291.4    137.05     92.47      2.63
2008.0  54474.0    136.75    111.24      2.61
2008.5  54656.6    135.13    129.26      2.62
2009.0  54839.2    133.67    143.63      2.61
2009.5  55021.9    133.56    165.54      2.53
2010.0  55204.5    129.06    171.22      2.47
2010.5  55387.1    137.43    179.24      2.44
2011.0  55569.8    130.68    189.08      2.36
2011.5  55752.4    131.23    192.35      2.32
2012.0  55935.0    122.10    204.25      2.14
2012.5  56117.6    114.00    196.24      2.17
2013.0  56300.2    110.11    198.12      2.16
2013.5  56482.9    109.59    194.89      2.12
2014.0  56665.5    120.89    188.78      2.09
2014.5  56848.1    123.96    192.78      2.01
2015.0  57030.8    124.00    185.39      1.94
2015.5  57213.4    132.24    183.78      1.94
2016.0  57396.0    122.06    171.06      1.84
2016.5  57578.6    128.58    151.58      1.73
2017.0  57761.2    115.98    145.06      1.73
2017.5  57943.9    101.58    127.31      1.81
2018.0  58126.5    101.60    121.50      1.82
2018.5  58309.1     82.64    110.41      1.99
2019.0  58491.8     82.46     89.61      2.09
2019.5  58674.4     65.67     94.67      2.16
2020.0  58857.0     55.01     79.48      2.27
2020.5  59039.6     58.24     75.59      2.34
2021.0  59222.2     52.41     69.23      2.34
2021.5  59404.9     54.65     64.30      2.44
2022.0  59587.5     48.09     59.01      2.46
2022.5  59770.1     46.54     49.81      2.50
2023.0  59952.8     35.17     47.98      2.63
2023.5  60135.4     20.58     23.57      2.45
